100 
52.006592 15.637684
23.239845 81.154820
31.620228 25.525681
78.420362 28.739280
36.216315 94.500565
33.066805 35.297708
20.288705 1.538133
73.860897 12.964263
29.639576 67.345195
4.452651 50.776696
20.752586 18.665120
45.078890 18.958098
81.969665 52.119510
47.901852 67.973876
97.012238 50.486770
93.890194 0.405896
41.535691 54.716636
86.709189 43.833735
53.312784 44.679098
9.323405 2.768029
66.655477 31.870479
58.934294 17.880795
51.734977 17.133091
25.833918 10.519730
49.430830 16.550188
31.855220 40.745262
42.255928 8.618427
94.003113 56.935331
52.104251 5.847346
28.904080 65.157018
5.331584 3.897214
63.728751 96.340831
55.873287 11.371197
69.136631 99.478133
6.979583 13.394574
79.958495 38.880581
22.220527 72.130497
19.174780 23.709830
66.359447 17.303995
90.862758 47.804193
66.743980 29.929502
57.670827 68.025758
35.831782 72.267830
68.550676 99.197363
45.475631 67.262795
52.250740 53.755303
93.572802 80.477309
42.280343 4.272591
53.730888 7.696768
48.966948 96.935942
48.603778 21.344646
44.151128 94.134342
37.415693 78.777429
74.260689 74.291208
58.421583 45.637379
67.299417 67.021699
16.855373 37.385174
49.409467 51.780755
59.028901 32.096316
36.625263 98.107852
23.145238 57.673879
17.474899 75.600452
7.550279 6.610309
91.979736 11.734367
46.952727 81.420331
82.769250 25.684378
37.290567 23.831904
83.864864 16.202277
99.859615 30.933561
62.791833 31.754509
25.309000 11.328471
81.643117 1.013215
88.180181 84.456923
52.696310 51.805170
72.515030 76.219977
94.247261 96.664327
99.301126 14.017151
2.240059 13.126011
96.230964 74.318674
3.369243 96.877956
0.503555 85.876034
5.230873 15.833003
35.273293 41.773736
9.176916 43.397320
50.297555 23.358867
1.486251 98.867763
67.540513 89.211707
88.503677 73.244423
22.232734 32.291635
91.293069 68.511002
40.079958 58.369701
65.556810 28.479873
41.242714 88.866848
62.334056 89.416181
11.673330 41.239662
95.135350 28.467666
32.474746 90.038759
29.175695 38.105411
7.904294 61.720634
58.302561 4.644917
