250 
52.006592 15.637684
23.239845 81.154820
31.620228 25.525681
78.420362 28.739280
36.216315 94.500565
33.066805 35.297708
20.288705 1.538133
73.860897 12.964263
29.639576 67.345195
4.452651 50.776696
20.752586 18.665120
45.078890 18.958098
81.969665 52.119510
47.901852 67.973876
97.012238 50.486770
93.890194 0.405896
41.535691 54.716636
86.709189 43.833735
53.312784 44.679098
9.323405 2.768029
66.655477 31.870479
58.934294 17.880795
51.734977 17.133091
25.833918 10.519730
49.430830 16.550188
31.855220 40.745262
42.255928 8.618427
94.003113 56.935331
52.104251 5.847346
28.904080 65.157018
5.331584 3.897214
63.728751 96.340831
55.873287 11.371197
69.136631 99.478133
6.979583 13.394574
79.958495 38.880581
22.220527 72.130497
19.174780 23.709830
66.359447 17.303995
90.862758 47.804193
66.743980 29.929502
57.670827 68.025758
35.831782 72.267830
68.550676 99.197363
45.475631 67.262795
52.250740 53.755303
93.572802 80.477309
42.280343 4.272591
53.730888 7.696768
48.966948 96.935942
48.603778 21.344646
44.151128 94.134342
37.415693 78.777429
74.260689 74.291208
58.421583 45.637379
67.299417 67.021699
16.855373 37.385174
49.409467 51.780755
59.028901 32.096316
36.625263 98.107852
23.145238 57.673879
17.474899 75.600452
7.550279 6.610309
91.979736 11.734367
46.952727 81.420331
82.769250 25.684378
37.290567 23.831904
83.864864 16.202277
99.859615 30.933561
62.791833 31.754509
25.309000 11.328471
81.643117 1.013215
88.180181 84.456923
52.696310 51.805170
72.515030 76.219977
94.247261 96.664327
99.301126 14.017151
2.240059 13.126011
96.230964 74.318674
3.369243 96.877956
0.503555 85.876034
5.230873 15.833003
35.273293 41.773736
9.176916 43.397320
50.297555 23.358867
1.486251 98.867763
67.540513 89.211707
88.503677 73.244423
22.232734 32.291635
91.293069 68.511002
40.079958 58.369701
65.556810 28.479873
41.242714 88.866848
62.334056 89.416181
11.673330 41.239662
95.135350 28.467666
32.474746 90.038759
29.175695 38.105411
7.904294 61.720634
58.302561 4.644917
82.604450 66.423536
85.204627 19.003876
88.750877 19.739372
70.619831 97.799615
13.672292 57.679983
67.070528 42.936491
28.647725 97.906430
2.826014 17.801447
69.414350 50.398267
31.662954 68.156987
9.085360 30.643635
14.069033 65.910825
14.081240 78.502762
45.542772 3.854488
23.667104 35.843989
97.570727 19.507431
43.778802 86.129337
86.910611 76.180303
95.699942 8.990753
38.853114 79.387799
10.278634 53.025910
60.042116 56.752220
8.258309 79.818110
86.458937 79.497665
57.371746 82.433546
22.266305 53.672903
46.794031 31.421857
35.102390 59.227271
69.664602 51.487777
23.398541 65.056307
54.170354 81.945250
21.436201 98.162786
33.936583 24.100467
57.701346 95.028535
98.278756 28.675192
32.200079 13.345744
12.952055 26.358837
28.333384 32.242805
52.085940 54.710532
24.961089 19.058809
31.794183 84.408094
24.304941 90.914640
86.248360 98.092593
61.290323 49.070711
76.689962 24.839015
9.939879 14.313181
74.144719 83.443709
52.488784 41.413617
6.329539 37.592700
26.807459 40.803247
9.494308 16.113773
17.770928 85.644093
75.728629 1.342814
8.200323 32.325205
36.420789 38.822596
54.988250 32.605976
72.502823 71.385846
6.067080 65.446944
92.019410 50.788903
23.804437 66.713462
65.746025 30.024110
30.478835 84.859767
61.442915 89.385662
41.431928 40.690329
67.332987 99.481185
1.574755 19.391461
45.493942 74.266793
90.810877 72.856838
5.746635 17.255165
14.023255 60.539567
40.681173 14.014100
41.306803 6.878872
12.421033 74.053163
13.959166 3.469955
31.806391 75.289163
81.954405 34.055605
20.551164 14.139225
88.460952 50.535600
97.051912 14.444411
67.104099 78.054140
76.436659 98.260445
67.479476 77.303385
25.534837 71.706290
74.672689 42.204047
63.298441 29.004791
38.306833 61.052278
47.413556 27.768792
76.818140 19.251076
37.617115 38.724937
72.524186 71.803949
76.445814 22.974334
23.154393 63.621937
77.950377 39.906003
65.453047 25.827815
65.071566 38.923307
36.454360 26.181829
46.266060 38.059633
88.116092 1.669362
72.005371 42.643513
20.850246 51.524400
61.781671 7.123020
51.680044 18.649861
42.283395 93.203528
82.534257 37.711722
87.270730 27.344584
84.414197 77.895444
99.874874 10.867641
62.965789 58.558916
27.900021 85.668508
21.143223 65.840632
52.739036 8.740501
84.575945 48.377941
42.570269 38.633381
5.206458 20.252083
10.412915 86.904508
8.960234 49.275185
67.726676 37.769707
2.896207 58.754234
14.084292 89.043855
7.605213 20.877712
53.691214 17.468795
30.420850 69.814142
79.177221 21.607105
45.060579 12.640767
13.495285 45.393231
93.359172 66.292306
50.410474 35.447249
74.666585 98.577837
84.218879 35.355693
38.605914 1.434370
69.405194 69.942320
46.742149 74.544511
0.778222 22.721030
18.839076 47.398297
54.744102 59.654530
29.300821 17.996765
82.314524 2.285836
69.454024 36.259041
94.549394 3.463851
41.245766 10.272530
30.957976 28.675192
98.034608 63.542589
51.564074 96.212653
98.068178 21.332438
43.205054 79.229102
86.284982 54.225288
80.739769 22.837001
70.061342 57.042146
33.729057 79.393902
4.510636 91.250343
