50 
52.006592 15.637684
23.239845 81.154820
31.620228 25.525681
78.420362 28.739280
36.216315 94.500565
33.066805 35.297708
20.288705 1.538133
73.860897 12.964263
29.639576 67.345195
4.452651 50.776696
20.752586 18.665120
45.078890 18.958098
81.969665 52.119510
47.901852 67.973876
97.012238 50.486770
93.890194 0.405896
41.535691 54.716636
86.709189 43.833735
53.312784 44.679098
9.323405 2.768029
66.655477 31.870479
58.934294 17.880795
51.734977 17.133091
25.833918 10.519730
49.430830 16.550188
31.855220 40.745262
42.255928 8.618427
94.003113 56.935331
52.104251 5.847346
28.904080 65.157018
5.331584 3.897214
63.728751 96.340831
55.873287 11.371197
69.136631 99.478133
6.979583 13.394574
79.958495 38.880581
22.220527 72.130497
19.174780 23.709830
66.359447 17.303995
90.862758 47.804193
66.743980 29.929502
57.670827 68.025758
35.831782 72.267830
68.550676 99.197363
45.475631 67.262795
52.250740 53.755303
93.572802 80.477309
42.280343 4.272591
53.730888 7.696768
48.966948 96.935942
